
+-------------------------------------------------+
| metodo   | tasaEvap | Q   | seg.  | dist | iter |
|----------+----------+-----+-------+------+------|
| Global   | 0.1      | 0.1 | 6.41  | 2187 | 428  |
| Global   | 0.1      | 1   | 5.79  | 2158 | 406  |
| Global   | 0.1      | 10  | 4.17  | 2158 | 292  |
| Uniforme | 0.1      | 0.1 | 8.38  | 2187 | 590  |
| Uniforme | 0.1      | 1   | 19.61 | 2678 | 1378 |
| Uniforme | 0.1      | 10  | 21.22 | 2187 | 1500 |
| Local    | 0.1      | 0.1 | 4.89  | 2187 | 342  |
| Local    | 0.1      | 1   | 3.48  | 2187 | 242  |
| Local    | 0.1      | 10  | 3.95  | 2197 | 277  |
+-------------------------------------------------+
+-------------------------------------------------+
| metodo   | tasaEvap | Q   | seg.  | dist | iter |
|----------+----------+-----+-------+------+------|
| Global   | 0.1      | 0.1 | 5.05  | 2187 | 404  |
| Global   | 0.1      | 1   | 4.99  | 2158 | 424  |
| Global   | 0.1      | 10  | 2.84  | 2187 | 242  |
| Uniforme | 0.1      | 0.1 | 5.96  | 2187 | 509  |
| Uniforme | 0.1      | 1   | 17.51 | 2187 | 1500 |
| Uniforme | 0.1      | 10  | 17.56 | 2187 | 1500 |
| Local    | 0.1      | 0.1 | 10.14 | 2187 | 862  |
| Local    | 0.1      | 1   | 15.53 | 2199 | 1299 |
| Local    | 0.1      | 10  | 8.6   | 2187 | 724  |
+-------------------------------------------------+
